96.07999920845032
97.5600004196167
97.24000096321106
97.03999757766724
96.31999731063843
97.75999784469604
98.55999946594238
94.40000057220459
97.03999757766724
25.40000081062317
98.32000136375427
96.03999853134155
96.79999947547913
97.32000231742859
97.64000177383423
97.32000231742859
97.32000231742859
97.35999703407288
97.75999784469604
97.2000002861023
97.64000177383423
97.28000164031982
97.680002450943
96.60000205039978
95.99999785423279
97.39999771118164
97.4399983882904
96.84000015258789
97.24000096321106
95.52000164985657
