91.39999747276306
91.47999882698059
91.39999747276306
92.43999719619751
92.79999732971191
92.43999719619751
92.11999773979187
91.00000262260437
91.96000099182129
90.16000032424927
92.0799970626831
91.64000153541565
25.40000081062317
89.07999992370605
93.48000288009644
92.47999787330627
88.84000182151794
92.11999773979187
91.32000207901001
91.15999937057495
91.24000072479248
93.12000274658203
92.87999868392944
91.92000031471252
91.72000288963318
91.47999882698059
92.15999841690063
93.44000220298767
81.08000159263611
91.32000207901001
