92.04000234603882
89.48000073432922
94.6399986743927
94.04000043869019
91.79999828338623
92.76000261306763
93.80000233650208
82.40000009536743
92.00000166893005
91.11999869346619
90.28000235557556
92.47999787330627
91.11999869346619
91.64000153541565
92.76000261306763
90.07999897003174
92.00000166893005
89.84000086784363
93.19999814033508
93.12000274658203
25.40000081062317
88.76000046730042
92.1999990940094
92.59999990463257
89.35999870300293
90.03999829292297
90.6000018119812
90.71999788284302
91.64000153541565
93.32000017166138
