98.72000217437744
97.680002450943
98.55999946594238
97.15999960899353
98.28000068664551
98.43999743461609
98.47999811172485
98.68000149726868
93.76000165939331
98.55999946594238
98.28000068664551
98.36000204086304
98.72000217437744
98.24000000953674
98.24000000953674
97.35999703407288
98.7999975681305
97.64000177383423
98.55999946594238
98.51999878883362
98.64000082015991
98.19999933242798
97.47999906539917
98.4000027179718
98.47999811172485
98.00000190734863
97.64000177383423
98.19999933242798
98.51999878883362
97.680002450943
