96.67999744415283
97.28000164031982
97.71999716758728
97.79999852180481
97.28000164031982
97.24000096321106
97.24000096321106
97.32000231742859
97.680002450943
97.75999784469604
97.64000177383423
97.96000123023987
96.48000001907349
97.15999960899353
97.680002450943
97.79999852180481
97.75999784469604
25.40000081062317
97.83999919891357
97.24000096321106
96.84000015258789
97.28000164031982
96.64000272750854
97.51999974250793
97.9200005531311
97.60000109672546
97.680002450943
98.07999730110168
97.35999703407288
97.71999716758728
