99.32000041007996
99.32000041007996
98.96000027656555
98.51999878883362
99.19999837875366
99.36000108718872
99.11999702453613
98.64000082015991
99.00000095367432
99.23999905586243
98.64000082015991
98.96000027656555
99.00000095367432
98.51999878883362
98.7999975681305
99.04000163078308
98.43999743461609
98.7999975681305
98.7999975681305
91.68000221252441
97.75999784469604
98.91999959945679
98.47999811172485
99.08000230789185
98.72000217437744
98.51999878883362
98.91999959945679
98.7600028514862
97.79999852180481
98.28000068664551
