92.0799970626831
92.04000234603882
88.95999789237976
93.12000274658203
89.88000154495239
91.839998960495
88.31999897956848
91.92000031471252
90.20000100135803
91.28000140190125
89.16000127792358
92.3200011253357
88.31999897956848
92.36000180244446
87.63999938964844
88.84000182151794
92.0799970626831
92.64000058174133
93.91999840736389
92.15999841690063
90.9600019454956
86.44000291824341
88.0400002002716
91.68000221252441
84.47999954223633
92.43999719619751
91.60000085830688
90.88000059127808
92.51999855041504
87.8000020980835
