90.16000032424927
89.96000289916992
91.39999747276306
91.68000221252441
88.80000114440918
88.5200023651123
92.3200011253357
91.00000262260437
93.08000206947327
91.36000275611877
91.92000031471252
90.07999897003174
93.36000084877014
89.07999992370605
91.92000031471252
91.07999801635742
90.47999978065491
92.0799970626831
91.64000153541565
91.64000153541565
92.36000180244446
91.20000004768372
91.15999937057495
85.00000238418579
88.63999843597412
91.56000018119812
92.0799970626831
91.00000262260437
91.64000153541565
89.99999761581421
