95.08000016212463
89.52000141143799
92.91999936103821
94.91999745368958
92.72000193595886
97.71999716758728
94.88000273704529
92.40000247955322
92.91999936103821
96.24000191688538
96.11999988555908
93.63999962806702
95.75999975204468
95.24000287055969
94.48000192642212
95.63999772071838
94.52000260353088
93.83999705314636
94.6399986743927
94.31999921798706
93.44000220298767
94.48000192642212
94.88000273704529
94.35999989509583
93.0400013923645
94.59999799728394
94.40000057220459
93.59999895095825
92.15999841690063
24.19999986886978
