94.16000247001648
96.07999920845032
95.52000164985657
94.95999813079834
94.04000043869019
80.239999294281
94.12000179290771
93.99999976158142
95.16000151634216
95.80000042915344
94.80000138282776
93.36000084877014
93.99999976158142
94.40000057220459
95.35999894142151
94.95999813079834
91.20000004768372
93.59999895095825
95.08000016212463
95.8400011062622
94.80000138282776
95.1200008392334
93.76000165939331
95.27999758720398
95.08000016212463
96.35999798774719
93.55999827384949
94.95999813079834
94.84000205993652
95.75999975204468
