92.79999732971191
93.48000288009644
93.19999814033508
94.40000057220459
93.15999746322632
93.15999746322632
93.55999827384949
93.44000220298767
95.52000164985657
94.95999813079834
93.08000206947327
93.0400013923645
93.15999746322632
93.48000288009644
93.00000071525574
93.0400013923645
94.6399986743927
93.12000274658203
93.4000015258789
92.79999732971191
93.63999962806702
93.12000274658203
94.44000124931335
92.6800012588501
93.87999773025513
93.55999827384949
92.87999868392944
93.27999949455261
92.51999855041504
93.4000015258789
