96.43999934196472
97.15999960899353
95.63999772071838
96.7199981212616
96.48000001907349
96.48000001907349
96.28000259399414
97.28000164031982
95.95999717712402
96.35999798774719
96.39999866485596
96.43999934196472
96.35999798774719
95.63999772071838
96.20000123977661
96.56000137329102
96.28000259399414
96.11999988555908
96.20000123977661
95.63999772071838
96.67999744415283
95.88000178337097
96.67999744415283
95.95999717712402
96.64000272750854
96.43999934196472
96.56000137329102
95.8400011062622
96.20000123977661
96.24000191688538
