95.99999785423279
95.39999961853027
95.75999975204468
95.24000287055969
94.35999989509583
94.9999988079071
95.63999772071838
95.4800009727478
95.39999961853027
95.24000287055969
95.31999826431274
95.35999894142151
95.80000042915344
94.59999799728394
95.08000016212463
95.03999948501587
95.35999894142151
95.27999758720398
95.20000219345093
95.1200008392334
94.72000002861023
94.95999813079834
95.44000029563904
95.35999894142151
95.92000246047974
94.08000111579895
95.24000287055969
94.80000138282776
94.91999745368958
95.92000246047974
