96.79999947547913
96.16000056266785
97.03999757766724
97.32000231742859
96.39999866485596
96.35999798774719
96.60000205039978
96.64000272750854
96.07999920845032
96.56000137329102
96.96000218391418
60.19999980926514
96.20000123977661
96.39999866485596
96.75999879837036
60.55999994277954
96.48000001907349
96.92000150680542
96.11999988555908
96.16000056266785
96.84000015258789
96.28000259399414
96.16000056266785
96.7199981212616
96.07999920845032
96.75999879837036
96.03999853134155
96.43999934196472
96.43999934196472
95.99999785423279
